0041364012391
0080686008880
0080686009108
0080686012856
0080686760405
0080686761402
0080686762409
0080686831013
0080686832010
0080686832607
0080686835301
0721733003303
0721733003754
0721733004478
0850005002765
0859061006014
0859061006113
0859061006366
7500928000128
7502256023756
0080432000786
0080686007265
0080686008118
0080686008361
0080686009085
0080686009115
0080686009122
0080686009436
0080686009450
0080686009535
0080686011460
0080686012504
0082000800408
0082000809043
0082000811381
0082000811404
0082000811411
0082000812098
0082000812104
0082184008133
0085000041512
0744607010030
0744607010047
0744607010153
08236409
0858232007461
8801100132545